Rank,Name,Private,Apps,Accept,Enroll,Top10perc,Top25perc,F.Undergrad,P.Undergrad,Outstate,Room.Board,Books,Personal,PhD,Terminal,S.F.Ratio,perc.alumni,Expend,Grad.Rate
75.0,Baylor University,1,6075,5349,2367,34,66,9919,484,6450,3920,600,1346,71,76,18.5,38,7503,72
42.0,Boston University,1,20192,13007,3810,45,80,14971,3113,18420,6810,475,1025,80,81,11.9,16,16836,72
42.0,Brandeis University,1,4186,2743,740,48,77,2819,62,19380,6750,410,1000,90,97,9.8,24,17150,84
14.0,Brown University,1,12586,3239,1462,87,95,5643,349,19528,5926,720,1100,99,100,7.6,39,20440,97
25.0,Carnegie Mellon University,1,8728,5201,1191,60,89,4265,291,17900,5690,450,1250,86,93,9.2,31,24386,74
42.0,Case Western Reserve University,1,3877,3156,713,71,93,3051,513,15700,4730,525,1460,95,95,2.9,29,19733,67
136.0,Catholic University of America,1,1754,1465,505,24,49,2159,211,13712,6408,526,1100,90,96,9.3,18,12751,75
117.0,Chapman University,1,959,771,351,23,48,1662,209,16624,5895,600,1100,72,80,12.8,6,12692,47
103.0,Clark University,1,2887,2059,457,30,61,1928,296,17500,4200,500,950,94,95,10.5,35,11951,79
127.0,Clarkson University,1,2174,1953,557,35,68,2332,53,15960,5580,700,1300,95,95,15.8,32,11659,77
75.0,Clemson University,0,8065,5257,2301,37,65,11755,770,8116,3610,800,1618,82,88,18.0,17,7597,73
38.0,College of William and Mary,0,7117,3106,1217,68,88,5186,134,11720,4298,600,800,89,92,12.1,31,9534,93
148.0,Colorado State University,0,9478,6312,2194,29,65,15646,1829,8412,4180,470,1800,87,89,19.2,10,7850,59
2.0,Columbia University,1,6756,1930,871,78,96,3376,55,18624,6664,550,300,97,98,5.9,21,30639,99
103.0,Creighton University,1,2967,2836,876,30,60,3450,644,10628,4372,650,2055,85,90,6.5,32,22906,85
13.0,Dartmouth College,1,8587,2273,1087,87,99,3918,32,19545,6070,550,1100,95,99,4.7,49,29619,98
136.0,Drake University,1,2799,2573,839,34,65,3322,726,13420,4770,560,1675,88,93,15.0,24,9473,77
9.0,Duke University,1,13789,3893,1583,90,98,6188,53,18590,5950,625,1162,95,96,5.0,44,27206,97
21.0,Emory University,1,8506,4168,1236,76,97,5544,192,17600,6000,600,870,97,98,5.0,28,28457,96
55.0,Florida State University,0,11651,8683,3023,50,90,18906,3242,6680,4060,600,1020,80,89,23.1,15,7250,58
68.0,Fordham University,1,4200,2874,942,30,55,4740,1646,14235,6965,600,1735,86,97,14.4,14,10864,80
148.0,George Mason University,0,5653,4326,1727,17,29,9528,3822,10800,4840,580,1050,93,96,19.3,7,6751,46
63.0,George Washington University,1,7875,5062,1492,38,71,5471,1470,17450,6328,700,950,92,93,7.6,15,14745,72
23.0,Georgetown University,1,11115,2881,1390,71,93,5881,406,18300,7131,670,1700,91,92,7.2,27,19635,95
38.0,Georgia Institute of Technology,0,7837,4527,2276,89,99,8528,654,6489,4438,795,1164,92,92,19.3,33,11271,70
79.0,Gonzaga University,1,1886,1524,526,31,67,2523,296,13000,4450,600,2400,78,90,14.7,32,9553,69
2.0,Harvard University,1,13865,2165,1606,90,100,6862,320,18485,6410,500,1920,97,97,9.9,52,37219,100
122.0,Illinois Institute of Technology,1,1756,1360,478,42,77,1911,626,14550,4620,500,700,80,88,12.3,26,12851,56
122.0,Iowa State University,0,8427,7424,3441,26,59,18676,1715,7550,3224,640,2055,81,88,19.2,22,8420,65
9.0,Johns Hopkins University,1,8474,3446,911,75,94,3566,1569,18800,6740,500,1040,96,97,3.3,38,56233,90
49.0,Lehigh University,1,6397,4304,1092,40,84,4298,132,18700,5580,750,1130,96,99,12.5,43,14665,91
75.0,Loyola Marymount University,1,3768,2662,753,42,64,3558,436,13592,5916,545,1328,84,88,14.2,10,11677,84
103.0,Loyola University Chicago,1,3579,2959,868,25,55,5244,3417,11500,5330,700,2000,94,95,6.2,15,13009,65
83.0,Marquette University,1,5152,4600,1685,36,71,7016,804,11610,4760,600,1950,86,94,13.5,25,9982,77
2.0,Massachusetts Institute of Technology,1,6411,2140,1078,96,99,4481,28,20100,5975,725,1600,99,99,10.1,35,33541,94
83.0,Michigan State University,0,18114,15096,6180,23,57,26640,4120,10658,3734,504,600,93,95,14.0,9,10520,71
148.0,Michigan Technological University,0,2618,2288,1032,42,77,5524,414,8127,3978,900,1200,82,82,17.0,25,7473,65
103.0,New Jersey Institute of Technology,0,1879,1216,483,27,62,3311,1646,8832,5376,700,1850,92,98,13.5,19,12529,72
28.0,New York University,1,13594,7244,2505,70,86,12408,2814,17748,7262,450,1000,87,98,7.8,16,21227,71
49.0,Northeastern University,1,11901,8492,2517,16,42,11160,10221,13380,7425,600,1750,73,82,12.9,17,9563,46
9.0,Northwestern University,1,12289,5200,1902,85,98,7450,45,16404,5520,759,1585,96,100,6.8,25,26385,92
49.0,Pepperdine University,1,3821,2037,680,86,96,2488,625,18200,6770,500,700,95,98,11.6,13,16185,66
1.0,Princeton University,1,13218,2042,1153,90,98,4540,146,19900,5910,675,1575,91,96,8.4,54,28320,99
55.0,Rensselaer Polytechnic Institute,1,4996,4165,936,53,82,4291,16,17475,5976,1230,1100,94,98,15.4,21,15605,70
103.0,Saint Louis University,1,3294,2855,956,44,67,4576,1140,11690,4730,800,6800,84,94,4.6,19,18367,67
136.0,Samford University,1,1680,1395,691,34,76,2959,402,8236,3700,569,1650,74,75,14.7,17,9533,61
148.0,San Diego State University,0,9402,7020,2151,20,70,16407,5550,8384,5110,612,2400,87,93,19.5,7,7930,41
55.0,Santa Clara University,1,4019,2779,888,40,73,3891,128,13584,5928,630,1278,88,92,13.9,19,10872,100
127.0,Seattle University,1,2115,1540,494,28,72,2993,347,12825,4375,500,1500,85,85,12.2,16,10175,89
127.0,Seton Hall University,1,4576,3565,1000,16,36,4384,1530,12000,6484,650,1000,81,84,14.4,15,10080,64
68.0,Southern Methodist University,1,4301,3455,1166,41,69,4892,387,12772,5078,576,1802,74,88,13.5,17,12726,72
83.0,Stevens Institute of Technology,1,1768,1249,380,51,93,1263,11,16900,5680,450,750,89,89,19.0,33,12837,79
59.0,Syracuse University,1,10477,7260,2442,28,67,10142,117,15150,6870,635,960,73,84,11.3,13,14231,67
83.0,Texas Christian University,1,4095,3079,1195,33,64,5064,660,8490,3320,650,2400,81,93,14.8,23,9158,64
42.0,Tulane University,1,7033,5125,1223,47,75,4941,1534,19040,5950,350,800,98,98,9.1,21,16920,74
136.0,University of La Verne,1,1597,969,226,16,38,1431,1522,13540,5050,630,2298,66,68,14.1,23,10139,47
148.0,University of Central Florida,0,6986,2959,1918,25,60,12330,7152,6618,4234,700,1600,80,98,22.2,9,6742,46
6.0,University of Chicago,1,6348,2999,922,68,94,3340,39,18930,6380,500,1254,99,99,5.3,36,36854,90
148.0,University of Cincinnati,0,6855,5553,2408,26,57,11036,2011,8907,4697,556,1851,89,95,10.8,6,13889,54
127.0,University of Dayton,1,6361,5293,1507,26,51,5889,665,11380,4220,500,900,81,85,14.8,25,8894,93
93.0,University of Delaware,1,14446,10516,3252,22,57,14130,4522,10220,4230,530,1300,82,87,18.3,15,10650,75
93.0,University of Denver,1,2974,2001,580,29,60,2666,554,15192,4695,400,1350,84,91,15.9,21,11762,67
28.0,University of Florida,0,12445,8836,3623,54,85,24470,3286,7090,4180,630,1530,88,97,13.4,20,14737,66
48.0,University of Georgia,0,11220,7871,3320,43,79,19553,2748,5697,3600,525,1755,88,95,14.7,22,7881,63
122.0,University of Kansas,0,8579,5561,3681,25,50,17880,1673,6994,3384,700,2681,88,94,13.7,17,9657,57
55.0,University of Miami,1,7122,5386,1643,42,69,7760,876,16500,6526,630,1985,82,94,5.9,17,17500,59
148.0,University of Mississippi,0,3844,3383,1669,26,47,7524,804,4916,3810,600,550,81,86,20.3,14,6971,53
136.0,University of New Hampshire,0,9750,7640,2529,24,62,10358,1338,11180,3862,650,2450,89,87,17.5,16,7855,75
19.0,University of Notre Dame,1,7700,3700,1906,79,96,7671,30,16850,4400,600,1350,96,92,13.1,46,13936,97
127.0,University of Oklahoma,0,4743,3970,2233,32,63,13436,2582,5173,3526,765,3176,86,90,11.5,11,10244,44
99.0,University of Oregon,0,8631,6732,2546,25,61,11669,1605,10602,3660,570,1530,79,87,19.7,13,8020,54
8.0,University of Pennsylvania,1,12394,5232,2464,85,100,9205,531,17020,7270,500,1544,95,96,6.3,38,25765,93
34.0,University of Rochester,1,8766,5498,1243,56,75,5071,438,17840,6582,500,882,93,99,5.9,23,26037,80
93.0,University of San Diego,1,3934,2735,886,40,70,3698,217,13600,5940,630,1820,93,96,15.6,13,10813,66
103.0,University of San Francisco,1,2306,1721,538,23,48,4309,549,13226,6452,750,2450,86,86,13.6,8,10074,62
103.0,University of South Florida,0,7589,4676,1876,29,63,14770,10962,6760,3776,500,2180,84,89,17.0,7,11020,47
27.0,University of Southern California,1,12229,8498,2477,45,71,13259,1429,17230,6482,600,2210,90,94,11.4,10,17007,68
136.0,University of the Pacific,1,2459,1997,582,36,66,2664,299,16320,5326,646,1171,87,94,11.2,14,13706,65
136.0,University of Tulsa,1,1712,1557,696,41,68,2936,433,11750,4160,1200,2350,94,96,11.5,10,11743,47
99.0,University of Utah,0,5095,4491,2400,27,53,13894,8374,6857,3975,858,3093,89,93,12.8,9,9275,37
117.0,University of Vermont,0,7663,6008,1735,18,51,7353,1674,15516,4928,500,990,87,90,9.9,10,12646,79
25.0,University of Virginia,0,15849,5384,2678,74,95,11278,114,12212,3792,500,1000,90,92,9.5,22,13597,95
59.0,University of Washington,0,12749,7025,3343,40,81,20356,4582,8199,4218,708,2172,96,94,9.0,10,16527,65
14.0,Vanderbilt University,1,7791,4690,1499,71,92,5500,90,17865,6525,630,952,93,98,5.8,26,23850,83
49.0,Villanova University,1,7759,5588,1477,30,68,6362,1292,15925,6507,400,300,89,90,13.4,24,10458,96
28.0,Wake Forest University,1,5661,2392,903,75,88,3499,172,13850,4360,500,1250,95,97,4.3,37,41766,89
63.0,Worcester Polytechnic Institute,1,2768,2314,682,49,86,2802,86,15884,5370,530,730,92,94,15.2,34,10774,82
5.0,Yale University,1,10705,2453,1317,95,99,5217,83,19840,6510,630,2115,96,96,5.8,49,40386,99
